10
1	0.8	0.71	0.61	0.46	0.36	0.28	0.18	0.07	0
0.8	1	0.7	0.63	0.49	0.39	0.32	0.21	0.11	0.034
0.71	0.7	1	0.76	0.6	0.45	0.4	0.31	0.19	0.14
0.61	0.63	0.76	1	0.73	0.58	0.53	0.44	0.34	0.27
0.46	0.49	0.6	0.73	1	0.68	0.61	0.49	0.39	0.35
0.36	0.39	0.45	0.58	0.68	1	0.63	0.53	0.46	0.4
0.28	0.32	0.4	0.53	0.61	0.63	1	0.73	0.56	0.49
0.18	0.21	0.31	0.44	0.49	0.53	0.73	1	0.67	0.58
0.07	0.11	0.19	0.34	0.39	0.46	0.56	0.67	1	0.72
0	0.034	0.14	0.27	0.35	0.4	0.49	0.58	0.72	1
