10
100	36	25	37	24	7	24	14	10	7	
36	100	27	31	30	8	30	14	8	16	
25	27	100	26	30	15	51	14	10	5	
37	31	26	100	34	7	31	11	4	15	
24	30	30	34	100	13	25	10	15	30	
7	8	15	7	13	100	13	37	32	22	
24	30	51	31	25	13	100	8	9	12	
14	14	14	11	10	37	8	100	28	21	
10	8	10	4	15	32	9	28	100	15	
7	16	5	15	30	22	12	21	15	100	