10
1	0.71	0.57	0.54	0.49	0.38	0.37	0.23	0.18	0.16
0.71	1	0.45	0.39	0.3	0.29	0.22	0.061	0.05	0
0.57	0.45	1	0.69	0.57	0.3	0.26	0.2	0.066	0.032
0.54	0.39	0.69	1	0.82	0.7	0.68	0.56	0.53	0.52
0.49	0.3	0.57	0.82	1	0.68	0.65	0.54	0.47	0.44
0.38	0.29	0.3	0.7	0.68	1	0.68	0.45	0.44	0.37
0.37	0.22	0.26	0.68	0.65	0.68	1	0.71	0.61	0.61
0.23	0.061	0.2	0.56	0.54	0.45	0.71	1	0.6	0.52
0.18	0.05	0.066	0.53	0.47	0.44	0.61	0.6	1	0.76
0.16	0	0.032	0.52	0.44	0.37	0.61	0.52	0.76	1
